0.012219576508657126
0.1924052990156726
0.4498690545106152
0.11447708025222503
0.5129262941672093
0.838400974915093
0.2383837347562009
0.7184116878311858
0.4012788043654123
0.8592039417810643
0.5398475394395137
0.9128569666821301
0.45211144395543623
0.13289592081352974
0.13259584570812122
0.39245535844635604
0.6433766849712795
0.7537940196581094
0.19707240319865582
0.6700780620370669
0.47902532523671815
0.43557982352482727
0.565065593170076
0.5247482231483782
0.21169614871567177
0.6419748701234009
0.33883692975788315
0.4494998825313936
0.5321480063034466
0.9904621075226109
0.19081561583448248
0.6313351654660534
0.33684546559349826
0.3387887727797908
0.48030067131094123
0.07057625978205895
0.930727826474274
0.1230502226367498
0.13855491550183774
0.6413432308933693
0.6785192845006349
0.2426703421360461
0.8744307971306388
0.09851188615199902
0.1932691322346889
0.6569420205013384
0.7943425544870524
0.06313656771375908
0.8077514041823107
0.13758110424381476
0.4816684652638509
0.37286321320295546
0.09582229901895312
0.711531859655707
0.16995345356746583
0.8294898731214655
0.030025407491265366
0.9520961039740862
0.07413195321155142
0.13336027034399223
0.295475168118156
0.9432165975951142
0.6615261963063623
0.9075535090940152
0.883012303627544
0.33333844334502705
0.43672071911746946
0.985546759426284
0.92845458714803
0.13698950170055912
0.2991136167424101
0.49130444998086775
0.142463841910475
0.5923278952120665
0.7505946315757931
0.9075611777039115
0.42487929715011363
0.8704923541304516
0.6791545677667972
0.6184701994055619
0.006127206017675579
0.5265744903799138
0.49923118041170333
0.7655641086471638
0.04155613768806543
0.8377422853659084
0.8409723435683024
0.0634494664849854
0.32429232712527156
0.03228590088965477
0.7723057448299914
0.552947393694864
0.003323001367884215
0.6256895315950176
0.4644314936940913
0.9310851161542896
0.9464978105720689
0.44637460284192676
0.585253949336998
0.7894062582037423
0.12434293710475919
0.9097929777525432
0.8352110674055808
0.8656134063905316
0.23676872956917028
0.6646018566840659
0.08729510019248965
0.5691291781045464
0.8952249511362869
0.834847448981281
0.03499300820903739
0.9308148052621088
0.9551632942628856
0.8054544721947261
0.3670177730396367
0.25734427168325225
0.20612871546596534
0.07879486626765697
0.38731938390278164
0.414280035777967
0.24946021048237788
0.033910338284241504
0.08803796009408726
0.4150425915120126
0.024665683514657366
0.10885033232520969
0.44414448114294924
0.24156838068434405
0.31085388980401096
0.5847984151073813
0.9626495821289717
0.8627569615419985
0.3812932312477222
0.402994289526838
0.9465313658326643
0.30141829001817166
0.43237466111208034
0.04345747915138143
0.661382484744146
0.39329115195194464
0.48323857713393936
0.1177680431039958
0.7084087743715497
0.09089421891177674
0.6168075189578647
0.4369407253257256
0.23171400283977883
0.9472769773085923
0.3962846082463801
0.015918848555618426
0.41905248451674515
0.47542158274178936
0.5223411637241586
0.18514622249605395
0.06375659174969661
0.6551779284666086
0.703302824926549
0.7184289175422661
0.13715157691334212
0.1615501010764151
0.3356204450949978
0.13296624005516622
0.6406378093395345
0.046960579794155355
0.1887992944932595
0.4301975580584593
0.20299628470303444
0.23524281146163806
0.19077723006199454
0.6920134666844553
0.8644787091357005
0.12603858546481395
0.4719972948258
0.5532588721379211
0.2019518686124172
0.6682739575758135
0.3069498901339791
0.8879004256289201
0.11279966959046628
0.9461383508578255
0.9078479642645849
0.7340350231237484
0.6591061411961077
0.000910938230476388
0.9492750650002562
0.4462965425888843
0.32242821896862983
0.3510881456867806
0.8938179188294241
0.5740251213525142
0.7473593607300397
0.791225154964055
0.2950088878544421
0.39048857568350004
0.31702976633109825
0.82114647642748
0.5808485069473501
0.9782653456343751
0.10093490272253025
0.490327809461631
0.5954203428014667
0.4042813804303621
0.5374289476643518
0.6835226293712585
0.9372841929729244
0.3802301359088044
0.8947337657667993
0.3242914077543857
0.21439390867307373
0.32855597940973413
0.938298369832441
0.8714085630513778
0.17493344196482197
0.3562300175018688
0.6219538723184663
0.5097482471938611
0.6574999221836165
0.6104371061967503
0.684715252591652
0.8453605441901241
0.16433945180838416
0.3819280710442481
0.14364877430154088
0.9040310848708546
0.2252698700888045
0.08670491970642868
0.8831535583982818
0.3391352612155487
0.6954374928454281
0.5954594779911363
0.7506200467285123
0.4289452500009989
0.7268504707084548
0.5413759525153755
0.600619334531017
0.611340873467654
0.3073054598610535
0.7281417889840658
0.056978970018108144
0.041835213423862316
0.55102527686733
0.3887225512696276
0.3845054534026926
0.1480570177021977
0.702872839348955
0.5632932078556494
0.666668058814913
0.05821463148004935
0.1089654445185746
0.6225691696166562
0.7152204375979597
0.4890050646490759
0.30422730153403355
0.6763209848499837
0.3611395619081317
0.8735497499274465
0.18455521272831787
0.6847634605487205
0.597192652957845
0.33652677404827414
0.7524539943305313
0.11971610100674923
0.804378942612204
0.021335372885214476
0.7654687375035651
0.061371104360590456
0.800124918720396
0.6306202692488573
0.6846226523193694
0.7442121036852244
0.5445150032445322
0.811243887284679
0.15728983691544351
0.6564215286783822
0.505100279120585
0.7004983954984492
0.5507451915899179
0.610875207122379
0.22293252546609832
0.017947141002654043
0.3120528041296964
0.6771044735700072
0.49523224830900525
0.19962628320630071
0.44873543151404005
0.6113599168330507
0.1137541692085362
0.594148664821654
0.27335546978496217
0.9700315090940482
0.009634696150560562
0.566049512409999
0.5340641187479318
0.617222706345371
0.38483274012971813
0.9999479157885179
0.13164628089501018
0.18789736606653118
0.8973580641966924
0.9643270538748048
0.1950215016806468
0.7647910520592809
0.3403852964857471
0.5042679785708604
0.9920906511440967
0.9371221878951899
0.9471095082256296
0.25486958159032436
0.2923228315402062
0.08264443704738145
0.4602903436820578
0.9780328429805812
0.13979867617763475
0.866326972470253
0.8272542538366563
0.4617220693704489
0.7483353590318613
0.7127481586808883
0.7274327759577762
0.3709116524808389
0.725548102154728
0.3506697776807576
0.8554625505876666
0.008040178442326407
0.2816954259419331
0.36286231639294486
0.5290709394756428
0.6441327966106771
0.6408655928462322
0.7162256713301759
0.34812750591339625
0.20167173677253347
0.3995537029385404
0.2270535832339402
0.7071131402595395
0.4711222721113545
0.6464729362148394
0.005715859531986167
0.9763528463559666
0.9637090246146819
0.7966058737085105
0.48460844301832307
0.8896557946787035
0.9191667568578148
0.7924528538091523
0.5451887557115548
0.5127733245967238
0.8919322412398384
0.5332910223073117
0.5095773541048468
0.7234982589509231
0.20187719875340904
0.17718188633489418
0.5635249762778174
0.0731682983486236
0.129548021707515
0.14440409026117174
0.7093136367257564
0.7132240993208084
0.3625362575323524
0.5374072119085682
0.05565443328613762
0.41176328754952674
0.46285886895749984
0.9691618081944916
0.8290354927731017
0.19506089002649551
0.003369096691219653
0.1415908768618438
0.08079555598939514
0.1228517011794964
0.7168991893817745
0.03519807858024837
0.803950241326401
0.12642854429641837
0.7392138010691631
0.773819213914091
0.5552858336081524
0.05304826235441906
0.49391410543734615
0.21703735615237918
0.5575623426646228
0.34325610425784936
0.4192479196752218
0.07052204182368504
0.9743716722874182
0.6830229452503687
0.04217673213851103
0.6506185212755288
0.23592403115574967
0.5583957543846152
0.23103492977334628
0.7685385619485173
0.22956366247186422
0.7839921077559514
0.11049966156028779
0.776854300435762
0.9800361465073498
0.31751740582758325
0.03706303457220661
0.2309347754121892
0.794323033845896
0.7985382528285996
0.4843804290164214
0.9969822053726471
0.8491597447948773
0.7976540774601364
0.4622693722984277
0.6496410078914274
0.06323900754558054
0.7882505531996384
0.12929035099984876
0.3034553471349326
0.811550676597743
0.7648833935003151
0.14249283673572155
0.9256520570374037
0.6791561493854075
0.3015630253630073
0.8031458719894109
0.8505128692696013
0.12169681035360957
0.9565652482516644
0.9046408349539659
0.8823788092382007
0.6202006050612255
0.27123741422726644
0.09958035567757584
0.5442896333220317
0.3817779484834696
0.2740857622761894
0.5539435598236313
0.5182038402388914
0.4764611884849538
0.9577372933150846
0.16065136294666105
0.11996564987365199
0.422780847945862
0.9140397647613111
0.7470384948143592
0.10337121831158624
0.5378933642410728
0.00884603023362851
0.08594317645940552
0.45538912012547095
0.2018525856239567
0.10481799373975664
0.6189654576287
0.45522571671629875
0.9263194904482841
0.1866330724559796
0.5798473142954359
0.37369660256645154
0.05325885179869283
0.00037806516898986064
0.287186063596816
0.19875815527263374
0.8329753808658693
0.24816282416135038
0.6200511837549617
0.03841222136348643
0.38712789838669537
0.9699947784620105
0.9270475021123399
0.15998413248708365
0.37335256597417465
0.548113674186294
0.15905102354893375
0.26366630118721757
0.838024501082253
0.872817762642034
0.4117218963669058
0.4807890295692586
0.2594702357044363
0.37608501924598425
0.3101170322736103
0.10008582118058373
0.8240462748668522
0.295161258963595
0.4877639640650392
0.6807629736643267
0.6420681093156804
0.5092555509667172
0.30131456031898085
0.6510007235768182
0.9758828564429353
0.6122904169551924
0.6582634060405551
0.2555999974912254
0.25224903543646415
0.8718084189481091
0.8985610994084622
0.6542703075053606
0.39597295686253065
0.025549889660148373
0.917047300714938
0.40741500722894375
0.23258792341714507
0.013630730321362083
0.9147510604284045
0.03293344226452011
0.8823055173180161
0.02463217008210472
0.02458187375569576
0.836924035819291
0.2160488101191751
0.1517556012173923
0.2676521993273755
0.12182730593917601
0.4945402151405055
0.001666185264825537
0.7864452699383132
