0.853301146873675
0.10813214473924371
0.40040505661642434
0.6399362038066061
0.16512701541866492
0.872480760050363
0.048038296444695816
0.6559570622244054
0.060855047367249004
0.9960359472613167
0.3037340458102257
0.6294472678588514
0.3165085738893564
0.6172881937244264
0.5941233125971028
0.2484556463337324
0.9462012359840144
0.9341202286870903
0.5070120197260474
0.8744409508455756
0.07842991331708438
0.018051630325169654
0.48052277989836045
0.9013037448097503
0.006402530192238354
0.1744551556273627
0.8515799097657514
0.6513202595003013
0.27023335507383006
0.11463485041901611
0.19695927280054693
0.8713846688985488
0.25776092461910904
0.2566080783197302
0.6934179802545476
0.735726492785708
0.21660143832194445
0.9683123479596657
0.4778340827733437
0.6131918260208233
0.6311377710684943
0.66139462966349
0.5468393975940661
0.1900888720442795
0.4745393061549704
0.882392053090362
0.9768569764338428
0.9920581417087151
0.9176112190387044
0.19110349510691294
0.7953977934255155
0.5496008891785996
0.4937756074596602
0.2739852733327196
0.0594009026748642
0.9102045181057924
0.49103239500162077
0.07060115368350495
0.8810039817688385
0.8779729716622344
0.26123407111137775
0.7077293329512748
0.16959782396178358
0.7529851484552678
