0.005505364658782708
0.05857196874439752
0.0888948346253331
0.6109473788623172
0.8146259960370364
0.11144519199529279
0.29047626186603315
0.8373799411248379
0.16160388383717117
0.8827771651726931
0.517702605185394
0.1708833385693671
0.18216625625648153
0.7586812233160518
0.8355697105269423
0.9971353957592497
0.5450858476889686
0.6063914694196642
0.3327982605551547
0.8966864966352064
0.894924448279571
0.7710320419625155
0.5144707007114778
0.9112081258034881
0.16002821484035346
0.6110531863257095
0.030140408506292515
0.7964628662111075
0.7571417579033806
0.31967902346650445
0.9330274395650452
0.7165196146943933
0.7180735488609988
0.1150234799742973
0.7530132939470148
0.9585097554590747
0.39601062989440294
0.6326373605205029
0.8954736029315411
0.46918344744679086
0.25341511152037555
0.2712943492616948
0.13954423211922962
0.887665484583821
0.16763192459134157
0.8485416671990214
0.6831160984996929
0.5049201457346657
0.360585229984034
0.7902971780101619
0.397356505128841
0.3541224727411143
0.10401129042206336
0.9837990961278592
0.769638336577001
0.2179732711539586
0.7033241688112666
0.8787212659791267
0.30549882533468675
0.5496436534200769
0.19220102725387966
0.5931723090045131
0.9792113868800998
0.19687424968078537
0.7912001732882249
0.25086117359050486
0.9243816808510882
0.16316975931320377
0.5121197395480845
0.9296955609975526
0.12463870679174738
0.630272713342867
0.6234938185166926
0.2245103378803498
0.6613513701633399
0.14156160161681097
0.3538619613123215
0.6491551524049188
0.9578319534975437
0.5758390434821372
0.6273581876749995
0.6399548390238854
0.9327227174807493
0.33784935449113906
0.959308739778383
0.6641777189011154
0.50001311312572
0.7308547981021319
0.4628071809213471
0.7225775640663131
0.6004820544591473
0.5295500674539635
0.623448680599789
0.798991949154638
0.7514822314445024
0.1498547501874472
0.7263391716737363
0.4967879964932007
0.3578447305714174
0.9025653257494106
0.460683500790145
0.44971181037519214
0.7929029480615349
0.013818164192261007
0.4102111871124534
0.37002500198315613
0.5963878887290083
0.7570290889195921
0.9740301343237224
0.6590596236802188
0.887386841031564
0.37818361554391655
0.20900388061170405
0.18478347620316482
0.7545488663162498
0.9334357280292034
0.6989564085284163
0.6736050028883803
0.7424676042035212
0.5111614368126125
0.42922994818980664
0.6998374222710817
0.1392582891448253
0.3825692835907668
0.9270298488157022
0.11758181950960611
0.8045713188393921
0.7430766220220903
0.7503078869418327
0.42676168853960306
0.8208471441877003
0.8924003434460412
0.07512413513797267
0.4980071208388682
0.4551428080445733
0.10450669347808894
0.2810031973668473
0.4390682539804339
0.9881521882308849
0.8084440431514808
0.3602777222717122
0.017563289120665404
0.13710117329135862
0.12233151394841701
0.6662318404748799
0.9961267667310979
0.6596972002376799
0.4069009464182727
0.9256765648629685
0.8870939415892976
0.44790499462443956
0.12546345757010835
0.7517833383305033
0.33993934385938607
0.06758216791424798
0.2566911716442831
0.21986425409707977
0.1279398017384643
0.6319776331471666
0.9332386350836975
0.22366310351120888
0.8210885556490397
0.6358057079674919
0.612235072349867
0.9374909093650129
0.5075623332922232
0.42540211785026805
0.6942681349729526
0.028937728481792213
0.08492081182039035
0.028907466039644003
0.43011521593609114
0.6421425327590545
0.32675747628048946
0.853530022210816
0.5085467443945695
0.09316137281322634
0.4599014174202488
0.8246663260514251
0.5266729709338455
0.7180721558413166
0.4169642306224812
0.3417434867905348
0.3031768856489141
0.6069330287612362
0.2322496794279446
0.6649708953335968
0.4800085037521512
0.6392891499534746
0.3220719753541722
0.9825815408759805
0.2958764138624259
0.5200123219142619
0.7914679970211188
0.5156539940695275
0.9383649532598606
0.8367010193543768
0.7542938620854049
0.247745117325185
0.43307307791548555
0.7303623012190035
0.8690664586306033
0.40619926392978356
0.6495258740659305
0.5326008986168292
0.8617169369752508
0.01610747454971695
0.30594442673230793
0.6372398808821439
0.46002443961432504
0.2025698111509845
0.13655813124124694
0.050253676726569996
0.8629559989220021
0.8934376896681456
0.3099473000569162
0.1679331885082086
0.6628970832476261
0.12704289698441618
0.892935713540333
0.07373875402689345
0.9340909804981777
0.8137440046955476
0.8945166525331435
0.18209046430901477
0.5482323686518283
0.397548685729443
0.1750328527188536
0.6703850479882485
0.20385754856025107
0.28693587297155687
0.43461334825951403
0.48297077025595125
0.9212745431857521
0.26132876502621727
0.15206304058570275
0.22071437233086932
0.32608446393435153
0.3461920649532928
0.25368863593799207
0.4210676607748005
0.594278403014914
0.0813413513212412
0.09333907703795497
0.16471688757635516
0.32294683126067936
0.9445628356727162
0.9984635088455412
0.4265439966060517
0.4409626227567782
0.5904173470132248
0.881696080993655
0.5019288182640087
0.2332198569240893
0.4525488579264755
0.4055323207961472
0.8578110301825816
0.833904682797422
0.36447686584569117
0.6185389472305237
0.2978270102141971
0.1433192433209577
0.8285827486053614
0.4320359244283707
0.9354740035501904
0.4550614094983443
0.8402695568635389
0.3651688582661994
0.7875497845501033
0.8500328951526012
0.5458048463777374
0.769791184418023
0.1965664421895652
0.41686102439652584
0.8582116252156938
0.1987648252576174
0.23893804112172612
0.9701180487303938
0.8601689255184162
0.9148250713665219
0.28138372711614723
0.5619220565523391
0.018856299512212016
0.535788759154261
0.10401690147079312
0.9703409585582357
0.6231147496443861
0.5209190925063039
0.3725359202948404
0.31330756368223955
0.04647546402701397
0.4729470538327283
0.6890829199358001
0.8302012653187976
0.04113532990276114
0.20850542324435206
0.01387023686244826
0.6222843959533204
0.2392693749237459
0.8216445313307812
0.10920010851149187
0.8164744596130392
0.5607172848114281
0.40352405524594925
0.1335926248204884
0.13747277505712208
0.6314927151868683
0.0466221949242096
0.5132747202301499
0.8082936048587992
0.18212526413531038
0.8896223167770647
0.5438829353612489
0.6156375835615788
0.016504829074608596
0.291300109809962
0.06328247117061037
0.7827474271922661
0.3998999736417762
0.18789344234592786
0.4844258313854779
0.6420581661361014
0.4046261595506475
0.5046555165692981
0.06963473483584703
0.2191618288819177
0.4353573912911278
0.24219030586783397
0.8006825512933905
0.5760459171067134
0.41142622881931823
0.9669514557756904
0.34584027536635087
0.8130031651483386
0.07992879771377581
0.03713849237794642
0.7749316513495753
0.5397814027431093
0.8576533107435409
0.6036666051303647
0.23941630297351457
0.466403967134688
0.8388126329974187
0.07215518409173927
0.4439642423560489
0.8724179972834554
0.6598976750051643
0.5277840750945905
0.07312440818570298
0.4149546568790873
0.8397002260001882
0.045331582569377304
0.002358841907543985
0.19421385686563553
0.05435006537127829
0.5511885620996425
0.719349636582457
0.06666947464180928
0.03174568279090839
0.6764021408643998
0.19693033035311547
0.5852919034836629
0.21844389095763816
0.09416087667929807
0.13124244512554384
0.6299844975168643
0.2836186745347187
0.516370675121312
0.6801346828614361
0.4136340357027871
0.6008846095646677
0.1802851163667616
0.15877439455388076
0.9127971682039826
0.036135335025379134
0.37910007822687875
0.70877149397994
0.04727198001343824
0.3984919222877421
0.006999248562650995
0.057153820646468234
0.3118111460037666
0.30100870922634915
0.5078426928985454
0.6617622743952145
0.05310406741830209
0.5283895847096837
0.7915637735452836
0.7748496074960526
0.11769502019328737
0.6809380091236469
0.49217137882031337
0.9814715315976859
0.2613422313273658
0.3229562111358385
0.13075218204103245
0.7748207867081287
0.13831463274376543
0.4419640451667357
0.3243168369924073
0.09115221046410449
0.03325836542481453
0.5082006463440703
0.6602023484103964
0.008591126083971168
0.17949112097703934
0.4182450197581903
0.7367089859528684
0.6606612551005273
0.95139127182621
0.4016507589205628
0.3988792729756856
0.07589948265860769
0.6465228682024516
0.14298848977380652
0.3420975730044312
0.48571204435582194
0.3498759795218871
0.7809665515983178
0.9776415857770375
0.13725742827966858
0.5464900889073526
0.8185492057144834
0.5753663803793346
0.7188586924119139
0.4821452870008268
0.7463320164468984
0.406872692820352
0.9675348182307367
0.06090535249079654
0.8583767815090341
0.9393079679364017
0.24647300346633494
0.7853984469229022
0.319472145255722
0.6383352257256559
0.9596896312011843
0.6921689509631639
0.884977341891869
0.47853639051436847
0.7681623082888969
0.23016046339634488
0.312901386060341
0.6883633336289077
0.7556419622572591
0.017977525764743985
0.6756551873706675
0.4772241218313298
0.3062142250899239
0.27654557368194566
0.2588352710482995
0.018259709650069067
0.5825148824491634
0.7374022924280652
0.42614760002951924
0.030833268620531484
0.2925953815790925
0.25305452634992764
0.10919551567802555
0.670415918225528
0.44891623266179725
0.5964018200844974
0.4727525312049299
0.9189141219600682
0.2568063329093928
0.1526987590186767
0.1401660199263408
0.4381365777170908
0.8611804151267445
0.30543709010256404
0.3596623782501024
0.026822606709250407
0.08012657455264938
0.37782905390071897
0.9554010791864
0.6778662626866836
0.7724830829872802
0.7461456659489771
0.93480135154056
0.05347152183588011
0.14112477495792342
0.37589466557151774
0.8776128578086817
0.41642456362355773
0.7843620544775685
0.7637444619860256
0.007609349898217266
0.1524569558555232
0.10898366270186677
0.3522753694789931
0.6022125005434305
0.9082889048519619
0.9938103319094002
0.42887725290499923
0.761123116844254
0.6640236325999016
0.2177107222507888
0.8623610953505435
0.34205931667305844
0.6595719524039495
0.8029359398970071
0.8786093545450377
0.3496721223281086
0.30764239221004475
0.03055939441633926
0.10442368680366731
0.04975793298860787
0.9307141047216534
0.04270306040145122
0.4264367327959091
0.8614464531765408
0.11128895801743688
0.4072548268415016
0.02923720985157008
0.7338548647746725
0.36289688247303076
0.7679850210131972
0.7393110175444657
0.403123813070701
0.1423592175996924
0.1979243206116308
0.576912840321969
0.768393003027608
0.16109303877655334
0.9593424804787269
0.768851347384019
0.6805002373180709
0.6961111767373508
0.9981444519664756
0.6838023534712343
0.10431226308172592
0.9723627412922056
0.419186575272819
0.6593365803517569
0.856332779798282
0.7077952637464515
0.9539154128700708
0.6059436171887405
0.4768016003024189
0.467502290785362
0.8875675921408828
0.7827355686602455
0.07046480301158764
0.1636162290556631
0.59140321767699
0.4982987314292968
0.9266766454721179
0.9268787962576371
0.8141118343683813
0.358820719772625
0.11895139649678388
0.6917576083808212
0.5975268284519599
0.5265900808429888
0.5503098136764893
0.9185489422417414
0.17804534038519826
0.4696189841074866
0.7798785597487439
0.9334818482953897
0.8817596385617598
0.0671221940275658
0.6201240872281537
0.8955132644447179
0.7365343956747412
0.22757652151406382
0.5643612432240861
0.15437358462735995
0.2401268449781927
0.29667634842402557
0.5977262531632299
0.7880567235607208
0.09637172062266286
0.6658889902652083
0.7976214940493391
0.6781284134631517
0.27062554694028773
0.9665953665333745
0.21820318215726775
0.4850454967283446
0.3600707322147836
0.39874831883275064
0.14441185380701815
0.5496921556159223
0.046028132241759945
0.8568920844736873
0.6036732856869712
0.16240840686959535
0.5276229661491622
0.8419673592794366
0.9041714330128222
0.6708864358186268
0.951122772781148
0.6314947416885425
0.7626108885696659
0.028156780920686297
0.5942005019777948
0.918729113359938
0.30609229082701095
0.9204718585000379
0.9758191013707946
0.7126577414740435
0.5310791596205215
0.30737981541547565
0.4680788188675854
0.6653784089467447
0.07061938853178695
0.7545409332739111
0.08330105093827023
0.3023867570968056
0.429875116271037
0.7157370286444039
0.7562024264794585
0.5099540849183078
0.2685112474621
0.48897634727987627
0.3346896930496479
0.42306143510584115
0.28954709047877625
0.4112931009799623
0.9112701134318065
0.2653317552037474
0.4703407204188623
0.04993744402140954
0.6086659392557467
0.24196514760544963
0.676057516541684
0.4264456802407297
0.1258569547477646
0.04064797628189776
0.8712490449489965
0.010855877381556467
0.16561314484285494
0.9369961784540843
0.7518721279141358
0.6510356101219188
0.06986565150933288
0.30004485726501995
0.4562822617806954
0.5341704807037903
0.8523637062137684
0.49179759844535975
0.875516181607218
0.9347841948209743
0.2500250987054474
0.5298260843998963
0.12848632475680455
0.14245842375240703
0.8348425045934609
0.73081802478275
0.40238461299353234
0.01705858766918955
0.9204128518010302
0.8921156751072346
0.2534595388893268
0.6374243771646891
0.32820841044625937
0.7539222288143986
0.16448901075127376
0.07158917851361113
0.5350100280443855
0.5436363040018559
0.9951782127897766
0.8321006725146944
0.9641350283308534
0.33784590567779427
0.4373399454783373
0.37072463564011027
0.7393632364247952
0.1930578149992498
0.48933269915082334
0.7094079346446588
0.2670866788404097
0.5633456018649972
0.5668192648883877
0.9294011417566761
0.5731164688622082
0.9159963024350841
0.9992374128329837
0.5128583973358939
0.17022254227603095
0.9714723286382172
0.27995967426263624
0.647665102909751
0.8700110496426084
0.2314692085203457
0.5011468761409035
0.2200692010253148
0.46087641296181914
0.1795245454517912
0.6511486593444803
0.37539724606653957
0.7493035385545115
0.4454559706798148
0.4268394508391591
0.9152994426612694
0.9985955795250696
0.08977896473247193
0.4808474422187189
0.2666134911829465
0.5457687649210055
0.4852499934541943
0.8206925539023224
0.46571249642073387
0.672316912457722
0.8684621649695766
0.6623787041860056
0.5286702480640271
0.5960919607906401
0.9304784380919723
0.8991732284187501
0.40709927708490645
0.5203878062811996
0.3740945867902825
0.6054381080737664
0.6503744334780642
0.9549177660966492
0.9781230540019968
0.9983922188875626
0.00447023797123991
0.4668408675829022
0.6448984905907148
0.698613555287063
0.6891650752964595
0.8044929484656163
0.9718694169599437
0.5191347169277458
0.2560025562133683
0.5984256278908304
0.14778516743674752
0.3968966951502334
0.18053776684588474
0.0009014386153234355
0.6306859943561086
0.21949178529015767
0.908679234949441
0.030357879472150184
0.7188880284836929
0.23741549640812987
0.9222313917803873
0.3568311295968737
0.37015609974386454
0.5362125679455667
0.17181154186902903
0.1910393264168987
0.32191952028329274
0.7564704764386747
0.8473966145371349
0.777182982286238
0.9200623792102643
0.41957285047819737
0.05003444130719392
0.44646889541457946
0.33505615290691815
0.23429063231138803
0.6772801991315989
0.913840454827717
0.6729130560060465
0.3309898710870396
0.7314648636441666
0.9969962708750448
0.2978780798555297
0.8796694841494614
0.12414055858777573
0.16883307835986816
0.6455172543348473
0.7396813385494649
0.9789491044620955
0.19749804458264864
0.6870257221450334
0.7972375281780112
0.6278141218491337
0.0601117255260446
0.8178104979491446
0.12607221753905606
0.6805324256717243
0.6815813550315771
0.3715027681841816
0.40821857480636703
0.6182521625646277
0.8740334342971743
0.9523512985236493
0.39211682354600785
0.5214788298323771
0.9236255499821412
0.1536826206305434
0.08308535234135284
0.16237260152678434
0.5604929199341149
0.844141865577755
0.830866873443312
0.3686709197677185
0.8171439376456537
0.304310441512616
0.397919059382178
0.18671360933571035
0.3317098282054062
0.6410407798036668
0.959693922477744
0.24222187801306894
0.9826576285467561
0.6161455139874549
0.5438810814621594
0.63720526325801
0.7439698988317746
0.0002646888043394968
0.962712814428221
0.2698884631014937
0.05711287831290224
0.7032871487759544
0.5893294974517069
0.7327287197680733
0.8481417153275586
0.7924594711230066
0.850042047500101
0.9166591092530683
0.5321774631312389
0.8476823988314282
0.6012539370831399
0.9922299857994477
0.2749412425089006
0.7992496495318533
0.4025333964006885
0.519475153340062
0.5895895538226086
0.6991470831982766
0.8326543289673279
0.12313846469410372
0.9103044120416572
0.9277674847634252
0.3365043810768653
0.6496228679513543
0.7103039664048191
0.20124049439056646
0.4355611778343702
0.9326266072471754
0.911326328919203
0.76678287154258
0.6676748964855314
0.6373882223648218
0.08723505906213469
0.09203379490052144
0.4655585765340292
0.12381919296948418
0.8523219206497902
0.8434886073122604
0.2096645950941547
0.36321778507375047
0.7648715867626843
0.24107361732034727
0.5954780117787892
0.26409466534184567
0.6346941792027916
0.04273275674814814
0.036609130915408294
0.8917225179950706
0.41201154506226756
0.9146138771131115
0.6236525646755151
0.9237610865348941
0.6600264302070683
0.781341189548874
0.1585243840742787
0.19227897250721537
0.565364836963633
0.7454519467677125
0.06515155014869167
0.8806184512429482
0.16312089815197695
0.48698922137797673
0.15152994866503788
0.5592023489298049
0.8870479563799404
0.7361132316538993
0.025124808501075124
0.24909665059765185
0.2143223217017931
0.05538470358415848
0.10443960078857895
0.0028866045611593005
0.3233091370268193
0.12282159962018835
0.3549645174089646
0.7090612684254752
0.4879312560158213
0.7524562264973789
0.34187504223015597
0.5692666107231299
0.7439208161166592
0.7369475855667609
0.8729005640967743
0.5592486436696911
0.963807851872679
0.5010767548018499
0.9564848230421932
0.6880753559262781
0.3822359997161191
0.3505862562674077
0.9075334976400258
0.9148847126535435
0.9541563072024825
0.7185264890029421
0.3124231545902977
0.7881642746002383
0.05016870568746534
0.2561111931790885
0.9758489082988101
0.6324368052076117
0.42346381767814256
0.23323744246415856
0.569569989126238
0.6564977376388649
0.9146397719970942
0.5457499581978233
0.09073907777751988
0.032003324041283365
0.37346373787322173
0.6738358342306476
0.787500285775846
0.5685726665522092
0.6333821850226984
0.9091420093173969
0.9988253920231152
0.8634616918018058
0.6168808120001421
0.7331798650634862
0.4137770171884566
0.20309309865418745
0.897264870720382
0.1523612017382333
0.5707323520709555
0.7927292522737222
0.15866369025417915
0.4191272139046395
0.7211265146625149
0.5679674645096064
0.7360843173789987
0.79354641011766
0.9706760532067475
0.6482152388473937
0.3270666056802882
0.505749429829536
0.1696804493192542
0.9100646392161682
0.06304622813117255
0.7243166651205094
0.2962481516576272
0.45384764974121616
0.8209365634759888
0.8843037317219201
0.049517524229364174
0.10622275133844761
0.5976962068942442
0.3862022535081645
0.10473246908939804
0.24604773522943124
0.4694495588369866
0.19815234371832224
0.4954087153375938
0.952576494408682
0.892924440670746
0.8535101205611593
0.950281034414935
0.1468024956137327
0.6915706680750572
0.4550748377637026
0.4333769115624355
0.623265200848616
0.10218773039576856
0.9049325735138716
0.9582370261931228
0.6953295283428297
0.3575865216433812
0.5261148854759381
0.0869014909279926
0.7010307698876724
0.15537971657189353
0.13560144713596767
0.9436505700641705
0.4849902444047943
0.03261122123352034
0.10009326793120099
0.18398239329030674
0.8019428773617592
0.10557692351294234
0.9251682072167992
0.2547660006379434
0.03615218472401416
0.020996858955512843
0.9032212824820564
0.7388797217965836
0.12377854491006401
0.2927147675718842
0.741160647407342
0.3274288031536309
0.05078369827828899
0.08163580854350072
0.8838312476446044
0.6920104902306721
0.48974499733163324
0.749722149735755
0.36827039471306267
0.6300658702749136
0.04978750160800627
0.6600501601148077
0.7695274659267543
0.6917680487540564
0.17165496512145662
0.570877415524306
0.7483108508777342
0.10809630041683449
0.06196158894634374
0.3172669716675819
0.969895926502341
0.4166182972909408
0.5085869146750929
0.5883823272127783
0.388931738198931
0.2894264804637704
0.24241822525677437
0.18682059680902274
0.32435193639070736
0.33525818332105883
0.7129667004113576
