0.548160048015229
0.05053808360065126
0.12973391669730883
0.09812540438469097
0.5746549722450843
0.7711999315684784
0.740402460105611
0.8852924650855324
0.5276019566060383
0.2995171548225737
0.823801990338377
0.4527482669953311
0.02862994973502153
0.46218340954903847
0.1396751002680463
0.6120974297175111
0.7291133964012433
0.19455179131502098
0.7088009340960939
0.07649670957228272
0.9354387412547038
0.5894893874080755
0.4755627287190738
0.5348092715277726
0.5598910437799373
0.17806072801090878
0.14291361356458565
0.07765985176364099
0.12237577307452596
0.8751557741158973
0.6590415290750884
0.4662197764598991
