0.6611476805356048
0.4709748591949101
0.4281537801411667
0.6267292783475535
0.6593247492825576
0.24551919016347146
0.36299203364849875
0.0972237068942795
0.832737526432446
0.6187196776527122
0.24635471492697014
0.7799093080080124
0.6139424853536368
0.8045230799257713
0.019710661658414397
0.6471416678958811
0.3966159930788592
0.6270308133145132
0.29761053307829965
0.614357878519947
0.43901641611232567
0.9223876371586924
0.17084128114333186
0.8093397547501685
0.5055038150341675
0.5404064379025804
0.901297335888808
0.04774205593608416
0.23867202419308398
0.6674593433025469
0.21600520536369328
0.7165803907139155
0.07255709947490874
0.302719287877503
0.7467495358946775
0.7801234187151264
0.5029970522926697
0.4894457286620053
0.2760101069116878
0.5979729245699568
0.539254067771178
0.9721766387761971
0.4244738621526989
0.3528962359689697
0.7278169199359515
0.18375909018261305
0.26131857930401625
0.8133145869242334
0.6720133261529522
0.7505346824401595
0.3741910779107974
0.1365813257975934
0.30411000529458154
0.9917111678621937
0.05648948775931084
0.4895940070275263
0.9585498476435649
0.76371493328117
0.8925002250772042
0.12389368410747059
0.7950653907928051
0.8269721768246225
0.6136869060075446
0.10039937802138621
0.05155663812842548
0.26194258334121556
0.21898781584076477
0.23190798314186978
0.3071703476693439
0.5131418150707205
0.9942869490813585
0.5861507848443669
0.0018769790607715553
0.21367940963505705
0.9038674033662875
0.4693440687160708
0.8825067878833492
0.9629942612532187
0.7955756642002022
0.6815470705345389
0.9687074556694335
0.5972719677900288
0.14041681179038223
0.8617735150992698
0.8143998533882106
0.27155841359730304
0.7980238054023047
0.9662110023670953
0.7716917043928775
0.21296105481483563
0.0602548308643398
0.1211610097844158
0.30155587717363685
0.20027520382664898
0.5539251309177815
0.9232606330228695
0.28358045734494275
0.07547155837531072
0.9275515578685896
0.6905961585412914
0.6693229835423635
0.44037206695703257
0.4594076433277148
0.5990367640219441
0.1533496872402692
0.8732993970117457
0.04466778189178078
0.6944232315895235
0.3897291872310903
0.5980786873678173
0.44820997974694077
0.46656207382132553
0.22124418345374508
0.3429436604578884
0.6822493427905091
0.9389853644078854
0.12150673198617923
0.07699817719246627
0.3647250107989848
0.8978858418500727
0.7932746529490649
0.3666434746402629
0.08706717451588253
0.015437114820919251
0.22016637052876042
0.16598785560145668
0.6988053006756657
0.12476670808355961
