0.703281854442044
0.8397845555853344
0.1848412035658692
0.33678714137493093
0.15398881955267185
0.15225145308323051
0.8774028866189105
0.4737593001965701
0.13337731168423506
0.09475443320313448
0.5096488940597959
0.7775810351625524
0.6330400236243457
0.6717018514152568
0.4370647798104552
0.1003956213443985
0.5951909380288458
0.26191525485947664
0.8994823009414814
0.7535984665200776
0.6754755276218882
0.10400797617312807
0.1828596461613533
0.8777738635417174
0.6154612153534653
0.5175880199677648
0.8412160971031579
0.772709909411779
0.5006371502545671
0.2092572853358925
0.5911572824525742
0.2527038426742737
0.8616293331534959
0.7074243875572952
0.2010017574107208
0.9026067435257238
0.3808654679281468
0.7814213930976701
0.8262404738798262
0.1956190886816277
0.5043105861304374
0.15766733722818027
0.45974152275827807
0.8486251587399697
0.169521862202761
0.7124830236535954
0.9403269811630971
0.3802597397885251
0.05705921646039791
0.17430619466460096
0.31959663424229556
0.7384619044795787
0.731255223530758
0.4519215571118934
0.4105282160362913
0.9956871056305343
0.5218341641136354
0.9028830817236031
0.6276141622850274
0.7376122377918046
0.4454829162780761
0.6567299407148847
0.9372970016253354
0.04475634115837468
0.4479958141022141
0.18898828842697324
0.01473974046456028
0.31064990820068683
0.6928972808304689
0.19344614129367987
0.9214122147181738
0.5702360570541023
0.6620471320444079
0.11597510090756902
0.0878525633160041
0.20661142161037171
0.555299899936541
0.06545097825676593
0.4468751236341345
0.8827156516091406
0.10116633303110778
0.8324723114475826
0.977159279643341
0.9926781149975316
0.3507820793068509
0.31788916892613917
0.35317830009719653
0.765018168393066
0.49150748104093656
0.08391954037355276
0.6399985703514383
0.06808555303893016
0.26141329700625326
0.08876183907974311
0.6040856899411594
0.47554627889169876
0.9350605404168373
0.7022310016970682
0.7661526435873576
0.5515990242814282
0.6462767646772896
0.9095439419229183
0.08049349632499814
0.32756398457560976
0.8827276060898628
0.6920702795181781
0.44973823872298013
0.8934274008959718
0.6015902417110208
0.9192627203736679
0.02479772865370522
0.8534574475595578
0.47081234617357715
0.35300980282989025
0.9483716071579492
0.06568328718816929
0.15705861191745019
0.9850338407592787
0.22307860848548167
0.3192578398304652
0.24602587974401502
0.41202941180765296
0.8282976702113083
0.02517846556711134
0.4691352616037421
0.9722707439585262
0.1730583394901094
0.4431343798869346
0.5003501604989105
0.8017484419148472
0.6174493183771835
0.27093515441154603
0.6097534735513068
0.37236631034287015
0.883149205312716
0.46014351089522576
0.027582395693098283
0.4990676701927499
0.5273990560956907
0.848787166785667
0.6653110262567924
0.33689925392902975
0.9375259158604365
0.6480444982179494
0.0022899505585616264
0.8822879446217816
0.5062701335471937
0.07953222232437551
0.7742854287319667
0.36167256958861305
0.5653880112598457
0.5338457187308463
0.8966931552575071
0.7013382041690432
0.19759750747684546
0.5734985942301492
0.9991070814643496
0.06702703573935576
0.5233412906936452
0.7325514145807918
0.47929722614357984
0.9154496429119119
0.034604672245518664
0.3479767079375736
0.26442495381023656
0.5707959553559573
0.44581662164295577
0.054812054049029224
0.6253502131772408
0.35567883520893373
0.5586574666141018
0.2772357611015652
0.960985811110475
0.0417087984061828
0.22423941504454636
0.6416262274822073
0.1064094913705953
0.06068796560410905
0.2929246241905977
0.8429622213479843
0.5451954845287816
0.4638412849314284
0.7197639734317404
0.7008696451564997
0.09970115605097452
0.6137857093239273
0.3343690089342276
0.4307840827264975
0.45060824670146993
0.8324590970352937
0.6040805589670828
0.38679782121452866
0.7883585715633576
0.05085087908251407
0.06948834155634354
0.12921647761691513
0.7730088769553023
0.7879788550191429
0.7752410279578562
0.3895678578872921
0.3853391739977462
0.6685896128267256
0.37750680344058773
0.8937415588357216
0.8203914265971588
0.6455997897527972
0.22436069597048658
0.5566201296904812
0.9189412668783922
0.2635752727523041
0.9111461796206294
0.22856360457104574
0.40925590242552545
0.17046924985384837
0.8747786657115493
0.9132243212771631
0.29555233699866157
0.7336192867438404
0.6376160107979056
0.2964500658514262
0.43407088037577457
0.8356586483504995
0.9599392643436288
0.28853619922028706
0.088138467207862
0.07616851269255187
0.14942349759127882
0.8448677742319451
0.29361680396673207
0.19066740490392975
0.3884804869673709
0.04806458509662381
0.4769476432405364
0.12237650297682168
0.9721454692344874
0.2520430693470255
0.35724587492232396
0.37748008524824717
0.7109559329712836
0.5608935068505222
0.690733703585491
0.12007005098310486
0.35901552604004594
0.3345892079456688
0.8161214311654541
0.25760006880938124
0.8120671674766342
0.4906382467257656
0.8002637563789501
0.5426233866039504
0.8201823349323855
0.6154238187482249
0.12730909650483146
0.9803809650523425
0.08773867083681097
0.3984235903888883
